MY_ACCOUNT_ID = 0.0.3833835
MY_PRIVATE_KEY = 302e020100300506032b6570042204204ddb35f226db928ed1f2cf3db29e13ecf77a916b0853f4c45a91113b5a46f00e

ACCOUNT_1_ID = 0.0.3904539
ACCOUNT_1_PRIVATE_KEY = 302e020100300506032b65700422042066d8c031eac7a19e471f88b0f7cbdf09ac6a63a6c91d7820f133428ea819ecfd
ACCOUNT_1_PUBLIC_KEY = 302a300506032b6570032100f4f90afd6fa5263ebbbe97f37a96195086599f5012b255d3d7e1aba36f614143

ACCOUNT_2_ID = 0.0.3904540
ACCOUNT_2_PRIVATE_KEY = 302e020100300506032b657004220420ccd41964d41fc3d2f0be764f86ae0c670bca138cb1c2ff70225880205a4f28d3
ACCOUNT_2_PUBLIC_KEY = 302a300506032b6570032100260a3b8bc3ee8b93d3e3d4ca1aa98b9699d21b35921ccf26cd53eb28c9bb56ed

ACCOUNT_3_ID = 0.0.3904542
ACCOUNT_3_PRIVATE_KEY = 302e020100300506032b65700422042004ff8e2b6e9effaa0b7a84164441c8f171811fa5100308b9dd58eede94aa45c4
ACCOUNT_3_PUBLIC_KEY = 302a300506032b657003210038b6de06a1f353d714743011d3253842a366a3013b6d069482c160d0eff5f8dc

ACCOUNT_4_ID = 0.0.3904543
ACCOUNT_4_PRIVATE_KEY = 302e020100300506032b657004220420dda2ddf281805f151ed8a052b1334362ace815b30d4c6df1862e7830e50547b5
ACCOUNT_4_PUBLIC_KEY = 302a300506032b6570032100041566b7737d64e5d754b9c600b51a8089f0cf6a80feffaa3af39ae9fcfac8e3

ACCOUNT_5_ID = 0.0.3904545
ACCOUNT_5_PRIVATE_KEY = 302e020100300506032b657004220420d9526786eb7606f9ca013aa329ad8c250a2effbc193459a79405bd1cd69739c0
ACCOUNT_5_PUBLIC_KEY = 302a300506032b65700321007650a8b0448b105ab12dc62a9a05525da29dc327937896bc4dd99031b35e9f39
